43,35
25,4
25,1
25,3
24,3
10,76
10,106
10,126
10,98
10,100
10,258
10,288
11,18
11,9
11,24
11,28
11,26
11,30
9,4
9,6
8,12
8,8
8,7
8,13
12,2
12,1
35,21
35,20
35,19
35,15
35,14
35,12
35,11
35,10
35,9
35,8
35,7
12,3
35,6
35,5
35,4
35,3
35,2
35,1
35,0
34,5
34,4
34,3
34,2
34,1
34,0
33,191
33,190
33,189
33,188
33,187
33,186
33,185
33,184
33,183
33,182
33,181
33,180
33,179
33,178
33,177
33,176
33,175
33,174
33,173
33,172
33,171
33,170
33,169
33,168
33,167
33,166
33,165
33,164
33,163
33,162
33,161
33,160
33,159
33,158
33,154
33,79
33,78
33,77
33,76
33,75
33,74
33,73
33,72
33,71
33,70
33,69
33,68
33,67
33,66
33,8
33,7
33,5
33,4
33,3
33,1
31,5
31,3
31,1
30,4
20,2
20,1
30,3
30,1
29,4
20,3
29,3
29,1
28,5
28,4
28,3
28,1
19,2
19,1
27,5
27,1
19,3
